11011035
11011036
11011037
11011038
11011055
11011077
11011078
11011081
11011082
11011084
11011087
11011088
11011089
11011090
11011091
11011092
11012002
11012003
11012004
11012005
11012006
11012007
11012008
11012009
11012010
11012011
11012012
11012014
11012015
11012018
11012019
11012020
11012021
11012022
11012024
11012025
11012037
11012038
11014041
11014048
11014049
11014050
11014051
11014053
11014055
11014056
11014057
11014058
11014059
11014060
11014061
11014071
11014072
11014080
11014084
11014086
11014093
11015001
11015002
11015003
11015007
11015008
11015009
11015010
11015011
11015012
11015013
11015017
11015018
11015019
11015020
11015022
11015023
11015024
11015025
11015026
11015027
11015028
11015029
11015030
11015031
11015032
11015033
11015034
11015071
11015099
11015100
11015102
11015103
11015105
11015106
11015110
11015111
11015112
11015115
11015116
11015117
11015118
11015119
11016003
11016004
11016005
11016006
11016007
11016008
11016009
11016010
11016013
11016014
11016015
11016016
11016017
11016018
11016019
11016021
11016022
11016023
11016024
11016025
11016027
11016028
11016029
11016030
11016031
11016032
11016033
11016039
11016040
11016041
11016042
11016043
11016044
11016045
11016046
11016047
11016048
11016049
11016050
11016051
11016052
11016055
11016056
11016059
11016060
11016061
11016062
11016063
11016064
11016065
11016066
11016067
11016068
11016069
11016071
11016072
11016073
11016074
11016075
11016076
11016077
11016078
11016079
11016080
11016081
11016082
11016083
11016084
11017002
11017003
11017004
11017006
11017007
11017008
11017009
11017010
11017011
11017012
11017013
11017014
11017015
11017016
11017017
11017018
11017025
11017026
11017027
11017028
11017029
11017030
11017034
11017035
11017036
11017037
11017038
11017048
11017049
11017050
11017051
11017052
11017053
11017054
11017055
11017056
11017057
11017058
11017059
11018003
11018004
11018005
11018007
11018008
11018009
11018010
11018011
11018012
11018013
11018014
11018015
11018028
11018029
11018030
11018032
11018033
11018034
11018035
11018037
11018038
11018039
11018040
11018041
11018042
11018045
11018046
11018047
11018048
11018049
11018050
11018051
11018053
11018054
11018055
11018056
11018057
11018059
11018060
11019001
11019002
11019003
11019004
11019005
11019006
11019007
11019008
11019009
11019010
11019014
11019016
11019017
11019018
11019022
11019023
11019024
11019035
11019036
11019037
11019038
11019039
11019040
11019041
11019042
11019043
11019044
11019046
11019047
11019052
11019053
11019054
11019055
11019061
11019062
11019063
11019065
11019066
11019067
11019068
11019069
11019070
11019071
11019072
11019073
11019074
11019076
11019077
11019079
11019080
11019081
11019082
11020001
11020002
11020003
11020004
11020005
11020007
11020008
11020009
11020010
11020011
11020012
11020013
11020014
11020016
11020017
11020018
11020019
11020021
11020022
11020023
11020024
11021047
11021048
11021049
11021050
11021051
11021059
11021060
11021061
11021062
11021063
11021065
11021066
11022079
11022080
11022082
11022083
11022084
11022085
11022091
11022092
11022095
11022096
11022097
11022098
11022100
11022101
11022102
11022103
11022104
11022105
11023001
11023003
11023004
11023005
11023006
11023007
11023008
11023010
11023011
11023012
11023013
11023014
11023016
11023018
11023020
11023021
11023022
11023023
11023024
11023025
11023027
11023028
11023029
11023030
11023031
11023032
11023033
11023034
11023041
11023042
11023043
11023044
11023046
11023048
11023050
11023051
11023052
11023053
11023054
11023055
11023056
11023072
11023073
11024001
11024002
11024003
11024005
11024006
11024007
11024008
11024009
11024010
11024011
11024012
11024013
11024014
11024015
11024016
11024017
11024019
11024020
11024021
11024022
11024023
11024024
11024026
11024028
11025008
11025009
11025010
11025011
11025013
11025016
11025017
11025019
11025020
11025032
11025033
11025034
11025036
11025037
11025038
11025039
11025040
11025041
11025042
11025044
11025045
11025046
11025047
11025048
11025049
11025051
11025052
11025053
11025054
11025058
11025059
11025060
11025061
11025062
11025063
11025064
11025065
11025066
11025068
11025070
11026001
11026002
11026003
11026005
11026006
11026007
11026008
11026009
11026011
11026012
11026013
11026014
11026015
11026016
11026017
11026018
11026019
11026021
11026022
11026023
11026024
11026025
11026026
11026027
11026028
11026029
11026030
11026031
11026032
11026033
11026034
11026035
11026041
11026042
11026067
11026068
11026069
11026110
11026111
11026113
11026114
11028004
11028005
11028006
11028007
11028008
11028009
11028010
11028011
11028012
11028013
11028018
11028019
11028020
11028021
11028022
11028023
11028024
11028025
11028026
11028027
11028083
11028084
11028085
11028086
11028087
11028088
11028094
11028095
11028096
11028097
11028098
11028103
11028114
11029002
11029003
11029004
11029005
11029013
11029014
11029015
11029018
11029019
11029020
11029021
11029022
11029023
11029024
11029027
11029028
11029029
11029030
11029031
11029032
11029033
11029034
11029067
11029068
11029069
11029070
11029071
11029072
11029074
11029075
11029076
11029077
11029078
11029079
11029081
11029082
11029085
11029086
11029087
11029088
11029089
11029090
11030001
11030002
11030004
11030005
11030009
11030010
11030011
11030012
11030013
11030014
11030016
11030017
11030018
11030022
11030024
11030025
11030026
11030027
11030028
11030040
11030041
11030042
11030043
11030044
11030045
11030046
11030047
11030048
11030049
11030051
11030052
11030053
11030054
11030055
11030065
11030067
11030068
11030069
11030070
11030071
11030072
11030073
11030074
11030075
11030076
11030080
11030081
11030082
11030083
11030085
11030086
11030087
11030088
11031001
11031002
11031003
11031007
11031009
11031010
11031011
11031012
11031013
11031014
11031015
11031016
11031017
11031018
11031022
11031023
11031024
11031025
11031026
11031027
11031028
11031029
11031030
11031031
11031035
11031046
11031047
11031048
11031049
11031050
11031052
11031059
11031060
11031061
11031062
11031063
11031064
11031065
11031066
11031067
11031076
11031079
11031080
11031081
11031082
11031083
11031084
11031085
11031088
11031089
11032011
11032012
11032013
11032014
11032015
11032016
11032017
11032019
11032020
11032021
11032022
11032024
11032032
11032047
11032049
11032050
11032051
11032052
11032053
11032054
11032055
11032056
11033006
11033007
11033008
11033010
11033011
11033012
11033013
11033021
11033023
11033024
11033025
11033026
11033027
11033028
11033038
11033039
11033070
11033071
11033072
11033073
11033074
11033075
11033076
11033077
11033078
11034006
11034007
11034008
11034009
11034010
11034011
11034012
11034057
11034058
11034059
11034060
11034061
11034065
11034071
11034072
11034073
11035005
11035008
11035009
11035010
11035011
11035012
11035018
11035019
11035020
11035021
11035022
11035023
11035024
11035025
11035026
11035061
11035062
11035063
11035064
11035065
11035066
11035068
11035069
11035070
11035071
11035072
11036003
11036011
11036012
11036013
11036014
11036015
11036026
11036027
11036028
11036029
11036030
11036033
11036034
11036035
11036036
11036037
11036041
11036042
11036043
11036044
11036055
11036056
11036057
11036090
11036091
11036092
11036093
11036095
11036096
11036098
11036100
11036101
11036104
11036105
11037001
11037002
11037003
11037008
11037009
11037010
11037011
11037012
11037015
11037016
11037017
11037018
11037019
11037021
11037022
11037023
11037035
11037036
11037037
11037038
11037039
11037040
11037042
11037043
11037044
11037051
11037053
11037055
11037056
11037057
11037058
11037059
11037060
11037061
11037062
11037063
11037064
11037068
11037074
11037075
11037076
11037077
11038001
11038002
11038003
11038004
11038005
11038006
11038008
11038022
11038023
11038024
11038025
11038026
11038027
11038028
11038029
11038030
11038031
11038033
11038034
11038047
11038048
11038049
11038050
11038051
11038052
11038053
11038054
11038055
11038056
11038057
11038058
11038059
11038061
11038062
11038068
11038069
11039001
11039002
11039003
11039004
11039007
11039008
11039009
11039010
11039011
11039012
11039016
11039017
11039018
11039019
11039020
11039021
11039022
11039023
11039024
11039025
11039026
11039028
11039046
11039047
11039050
11039051
11039052
11039053
11039054
11039055
11039056
11039057
11039061
11039062
11039063
11039064
11039065
11039066
11039067
11039068
11039069
11039070
11039071
11040002
11040003
11040004
11040006
11040007
11040008
11040009
11040010
11040016
11040017
11040018
11040019
11040020
11040021
11040022
11040023
11040024
11040025
11040049
11040059
11040068
11040069
11040070
11040071
11040072
11040073
11040074
11040076
11040077
11040078
11040080
11040081
11040082
11040084
11040085
11040090
11040092
11041001
11041002
11041003
11041005
11041006
11041012
11041013
11041014
11041016
11041017
11041018
11041022
11041023
11041040
11041041
11042001
11042002
11042003
11042004
11042005
11042006
11042007
11042008
11042011
11042012
11042018
11042019
11042020
11042021
11042022
11042023
11042024
11042025
11042026
11042027
11042042
11042043
11042044
11042045
11042046
11042047
11042048
11042049
11044006
11044007
11044008
11044009
11044010
11044011
11044014
11044015
11044016
11044024
11044025
11044026
11044027
11044028
11044029
11044031
11044032
11044033
11044034
11044047
11044048
11044049
11044050
11044051
11045001
11045002
11045003
11045004
11045006
11045011
11045012
11045013
11045014
11045016
11045017
11045018
11045019
11045020
11045021
11045022
11045023
11045024
11045032
11045033
11045034
11045035
11045036
11045037
11045038
11045039
11045040
11045041
11045051
11045052
11045053
11045057
11045058
11045059
11045060
11045076
11045077
11045078
11045079
11045080
11045081
11045082
11045083
11045084
11045085
11045086
11045087
11046001
11046002
11046007
11046008
11046009
11046010
11046011
11046012
11046013
11046016
11046017
11046018
11046024
11046025
11046026
11046027
11046028
11046030
11046032
11046042
11046043
11046044
11046045
11046046
11046048
11046049
11046050
11046063
11046064
11046065
11046066
11046069
11046070
11046077
11046078
11046079
11046080
11046081
11046082
11046083
11047007
11047008
11047009
11047010
11047011
11047012
11047014
11047015
11047016
11047017
11047018
11047019
11047020
11047021
11047022
11047023
11047024
11047036
11047037
11047038
11047039
11047040
11047041
11047043
11047044
11047046
11047047
11047048
11047057
11047058
11047060
11047061
11047065
11047066
11047067
11047068
11047069
11048006
11048007
11048008
11048009
11048010
11048013
11048015
11048016
11048017
11048018
11048019
11048037
11049001
11049002
11049005
11049006
11049007
11049008
11049009
11049011
11049014
11049017
11049019
11049020
11049021
11049022
11049023
11049024
11049025
11049026
11049027
11049028
11049030
11049036
11049039
11049040
11049041
11049042
11049043
11049044
11049045
11049046
11049049
11049050
11049051
11049052
11049053
11049054
11049055
11049056
11049057
11049058
11049059
11049060
11050002
11050003
11050004
11050005
11050007
11050012
11050013
11050014
11050015
11050016
11050017
11050018
11050020
11050021
11050022
11050023
11050025
11050026
11050027
11050028
11050029
11050030
11050031
11050032
11050040
11050041
11050042
11050043
11050044
11050047
11050050
11050051
11050052
11050053
11050054
11050056
11051001
11051002
11051004
11051005
11051006
11051009
11051010
11051011
11051012
11051013
11051015
11051016
11051017
11051019
11051020
11051021
11051022
11051023
11051024
11051034
11051035
11051037
11051038
11051039
11051040
11051041
11051042
11051043
11051044
11051045
11051046
11051047
11051048
11051049
11051050
11051051
11051052
11051053
11051054
11051055
11051057
11051058
11051059
11051060
11051061
11051062
11051063
11051064
11051068
11051069
11051070
11051072
11051073
11051078
11051079
11051080
11051081
11051082
11051083
11051084
11051085
11052002
11052003
11052004
11052005
11052006
11052007
11052008
11052009
11052010
11052011
11052012
11052014
11052015
11052016
11052017
11052018
11052019
11052020
11052021
11052022
11052024
11052036
11052037
11052038
11052040
11052041
11052042
11052043
11052044
11052045
11052047
11052048
11052049
11052050
11052051
11052052
11052053
11052054
11052055
11052056
11052058
11052059
11053001
11053002
11053003
11053004
11053005
11053006
11053007
11053008
11053012
11053013
11053014
11053016
11053017
11053018
11053019
11053020
11053021
11053022
11053028
11053029
11053030
11053031
11053032
11053033
11053038
11053039
11053040
11053041
11053043
11053044
11053045
11053046
11053047
11053048
11053049
11053050
11053051
11053056
11053057
11054005
11054008
11054009
11054010
11054011
11054012
11054013
11054019
11054020
11054021
11054022
11054023
11054024
11054027
11054028
11054029
11054030
11054050
11054051
11054052
11054053
11054054
11054058
11054059
11054060
11054061
11054062
11054063
11054064
11054065
11054066
11054067
11055095
11055096
11055097
11055098
11055099
11055100
11055101
11055102
11055103
11056005
11056006
11056007
11056008
11056009
11056010
11056011
11056017
11056018
11056019
11056020
11056022
11056029
11056030
11056031
11056032
11056033
11056034
11056035
11056036
11056037
11056038
11056039
11056040
11056043
11056045
11056046
11056047
11056048
11056049
11056050
11056051
11056053
11056054
11056055
11057012
11057019
11057027
11057028
11057029
11057030
11057031
11057032
11057033
11057034
11057035
11057036
11057037
11057038
11057039
11057040
11057041
11057046
11057048
11057049
11057050
11057051
11057052
11058001
11058002
11058003
11058004
11058005
11058010
11058011
11058012
11058013
11058014
11058015
11058016
11058017
11058018
11058020
11058025
11058040
11058041
11058042
11058043
11058044
11058045
11058046
11058048
11058049
11058050
11058055
11058056
11058057
11058058
11058059
11058060
11058061
11058062
11058063
11058064
11058065
11058070
11058071
11058072
11058073
11058074
11058075
11058076
11058078
11058083
11058084
11058085
11058086
11058087
11059005
11059006
11059007
11059008
11059009
11059010
11059011
11059012
11059013
11059014
11059015
11059016
11059017
11059021
11059022
11059023
11059024
11059025
11059027
11059028
11059029
11059030
11059031
11059032
11059043
11059044
11059047
11059048
11059049
11059050
11059051
11059052
11059053
11059054
11059055
11059060
11059061
11059062
11059063
11059065
11059066
11059067
11059068
11059069
11059075
11059076
11059077
11060002
11060003
11060004
11060005
11060007
11060010
11060015
11060016
11060017
11060018
11060019
11060021
11060022
11060023
11060024
11060034
11060046
11060047
11060048
11060049
11060050
11060051
11060052
11060053
11060054
11060055
11060056
11060057
11060058
11060059
11060069
11060070
11060071
11060072
11060073
11060074
11060075
11060076
11060077
11060078
11060079
11060080
11060081
11060082
11061001
11061008
11061009
11061010
11061011
11061012
11061013
11061014
11061015
11061016
11061017
11061018
11061019
11061020
11061021
11061022
11061028
11061029
11061030
11061031
11061032
11061034
11061037
11061038
11061039
11061040
11061041
11061042
11061043
11061061
11061062
11061063
11061064
11061065
11061066
11061067
11061069
11061070
11061071
11061072
11061079
11061080
11061081
11061082
11061083
11061084
11061085
11061086
11061089
11061090
11061095
11062001
11062003
11062004
11062005
11062006
11062007
11062008
11062009
11062010
11062011
11062017
11062018
11062019
11062022
11062023
11062024
11062025
11062068
11062069
11062070
11062071
11062072
11062073
11062074
11063001
11063006
11063007
11063008
11063011
11063013
11063014
11063015
11063016
11063017
11063027
11063028
11063032
11063033
11063034
11063036
11063037
11063043
11063044
11063047
11063048
11063049
11063050
11063054
11063060
11063061
11063063
11063064
11063065
11063066
11063067
11063068
11063070
11063076
11063078
11063079
11063081
11063082
11063083
11063084
11063085
11063086
11064003
11064004
11064005
11064006
11064007
11064009
11064010
11064011
11064012
11064013
11064015
11064016
11064017
11064018
11064019
11064020
11064021
11064022
11064023
11064029
11064030
11064031
11064032
11064033
11064034
11064035
11064036
11064037
11064038
11064039
11064040
11064041
11064042
11064043
11064057
11064058
11064059
11064060
11064061
11064062
11064063
11064064
11064065
11064068
11065003
11065004
11065005
11065006
11065007
11065008
11065009
11065010
11065011
11065013
11065014
11065015
11065016
11065017
11065018
11065019
11065020
11065021
11065022
11065028
11065029
11065030
11065031
11065032
11065033
11065035
11065036
11065038
11065039
11065040
11065041
11065042
11065043
11065044
11065045
11065048
11065049
11065050
11065052
11065053
11065054
11065055
11065058
11065059
11066001
11066002
11066004
11066005
11066006
11066007
11066008
11066009
11066010
11066011
11066013
11066014
11066015
11066017
11066018
11066019
11066020
11066021
11066025
11066026
11066027
11066028
11066029
11066035
11066036
11066037
11066038
11066039
11066040
11066041
11066042
11066043
11066044
11066045
11066048
11066050
11066051
11066052
11066054
11066055
11066056
11067002
11067003
11067008
11067010
11067011
11067012
11067013
11067014
11067015
11067017
11067018
11067019
11067020
11067021
11067022
11067023
11067024
11067025
11067026
11067027
11067037
11067038
11067039
11067040
11067041
11067042
11067043
11067044
11067046
11068001
11068002
11068003
11068004
11068006
11068007
11068009
11068012
11068013
11068014
11068015
11068016
11068017
11068018
11068024
11068025
11068026
11068027
11068028
11068029
11068030
11068031
11068032
11068033
11068034
11068035
11068036
11068038
11068039
11068040
11069041
11069042
11069044
11069045
11069046
11069047
11069048
11069049
11069050
11069051
11070002
11070003
11070004
11070005
11070006
11070008
11070009
11070010
11070011
11070013
11070014
11070015
11070017
11070018
11070019
11070020
11070021
11070022
11070038
11070039
11070040
11070041
11070042
11070043
11070044
11070045
11070046
11070047
11070051
11070052
11070053
11070054
11070055
11070056
11070057
11071001
11071002
11071003
11071004
11071006
11071007
11071013
11071014
11071015
11071016
11071017
11071018
11071019
11071020
11071037
11071038
11071039
11071040
11071041
11071043
11071044
11071045
11071046
11071047
11071050
11071051
11071052
11071053
11071056
11071057
11071058
11071059
11071060
11071061
11071062
11071063
11071065
11071066
11071068
11071069
11071070
11071071
11071072
11071073
11071074
11071075
11071076
11071077
11071078
11071079
11072002
11072003
11072004
11072005
11072006
11072007
11072008
11072009
11072010
11072011
11072012
11072020
11072021
11072022
11072023
11072024
11072025
11072026
11072027
11072029
11072030
11072031
11072032
11072044
11072045
11073001
11073003
11073005
11073006
11073007
11073008
11073009
11073010
11073011
11073017
11073018
11073019
11073020
11073021
11073022
11073023
11073030
11073031
11073045
11073049
11073050
11073051
11073052
11073054
11073055
11073056
11073057
11073058
11073059
11073060
11073061
11073062
11073063
11073071
11073072
11073073
11073074
11073075
11073076
11073077
11073078
11073079
11073080
11073081
11073083
11073084
11074002
11074006
11074007
11074008
11074009
11074010
11074011
11074012
11074013
11074014
11074015
11074017
11074018
11074020
11074021
11074022
11074029
11074030
11074031
11074032
11074033
11074035
11074036
11074037
11074038
11074039
11074040
11074053
11074054
11074055
11074056
11074057
11074058
11074059
11074060
11074061
11074062
11074063
11074064
11073004
11075002
11075003
11075004
11075005
11075006
11075007
11075009
11075010
11075011
11075012
11075013
11075016
11075017
11075018
11075019
11075020
11075021
11075022
11075023
11075024
11075025
11075026
11075027
11075035
11075036
11075039
11075040
11075041
11075042
11075045
11075046
11075048
11075049
11075050
11075051
11075052
11075053
11075055
11075056
11075057
11075058
11075059
11075062
11075063
11076002
11076003
11076004
11076005
11076006
11076007
11076008
11076009
11076010
11076011
11076012
11077008
11077009
11077010
11077011
11077012
11077013
11077014
11077015
11077016
11077017
11077018